0.534653 0.609231 0 0.06187 0 0 0 0 
0.519836 0.605736 0 0.055136 0 0 0 0 
0.531641 0.600726 0 0.051099 0 0 0 0 
0.536888 0.620841 0 0.048015 0 0 0 0 
0.544989 0.611195 0 0.055345 0 0 0 0 
0.547764 0.632282 0 0.057992 0 0 0 0 
0.550331 0.630329 0 0.074324 0 0 0 0 
0.531195 0.587698 0 0.072417 0 0 0 0 
0.535071 0.6241 0 0.041801 0 0 0 0 
0.530981 0.620906 0 0.040757 0 0 0 0 
0.545954 0.6145 0 0.042888 0 0 0 0 
0.534294 0.587198 0 0.053515 0 0 0 0 
0.521502 0.607043 0 0.04425 0 0 0 0 
0.522116 0.621366 0 0.039643 0 0 0 0 
0.517737 0.595312 0 0.040801 0 0 0 0 
0.511957 0.614584 0 0.039955 0 0 0 0 
0.536395 0.611285 0 0.041732 0 0 0 0 
0.521432 0.607405 0 0.042466 0 0 0 0 
0.539242 0.615182 0 0.066835 0 0 0 0 
0.52569 0.597518 0 0.064281 0 0 0 0 
0.514297 0.592058 0 0.053228 0 0 0 0 
0.515182 0.617375 0 0.041921 0 0 0 0 
0.523159 0.604405 0 0.039508 0 0 0 0 
0.512038 0.598052 0 0.038563 0 0 0 0 
0.525372 0.592021 0 0.038593 0 0 0 0 
0.518424 0.623926 0 0.041071 0 0 0 0 
0.546434 0.625188 0 0.041035 0 0 0 0 
0.531246 0.606271 0 0.040155 0 0 0 0 
0.531388 0.596195 0 0.041141 0 0 0 0 
0.564516 0.653805 0 0.04485 0 0 0 0 
0.525 0.595604 0 0.039738 0 0 0 0 
0.528993 0.625739 0 0.042075 0 0 0 0 
0.563063 0.645165 0 0.045463 0 0 0 0 
0.544735 0.640412 0 0.042212 0 0 0 0 
0.521352 0.614892 0 0.044887 0 0 0 0 
0.532577 0.602921 0 0.052845 0 0 0 0 
0.524204 0.594832 0 0.044427 0 0 0 0 
